  Normal            1

 etall    1, NO =   10, NV =    2, INA =   32
 *********************************************

     I   COEFFICIENT             ORDER   EXPONENTS
     1   -1.000000000000        1     0 1
  -1.0000000000000000     
                                      
   0.0000000000000000     

 etall    1, NO =   10, NV =    2, INA =   28
 *********************************************

     I   COEFFICIENT             ORDER   EXPONENTS
     1   -1.000000000000        0     0 0
  -1.0000000000000000     
     2   -1.000000000000        1     1 0
  -1.0000000000000000     
                                      

 etall    1, NO =   10, NV =    2, INA =   29
 *********************************************

         ALL COMPONENTS ZERO 
                                      
  Normal            2

 etall    1, NO =   10, NV =    2, INA =   32
 *********************************************

     I   COEFFICIENT             ORDER   EXPONENTS
     1   -1.000000000000        2     1 1
  -1.0000000000000000     
     2   0.1666666666667        3     0 3
  0.16666666666666666     
     3  -0.1666666666667        4     1 3
 -0.16666666666666666     
     4   0.1666666666667        5     2 3
  0.16666666666666666     
     5  -0.8333333333333E-02    5     0 5
  -8.3333333333333350E-003
     6  -0.1666666666667        6     3 3
 -0.16666666666666663     
     7   0.2500000000000E-01    6     1 5
   2.5000000000000001E-002
     8   0.1666666666667        7     4 3
  0.16666666666666663     
     9  -0.5000000000000E-01    7     2 5
  -4.9999999999999982E-002
    10   0.1785714285714E-02    7     0 7
   1.7857142857142846E-003
    11  -0.1666666666667        8     5 3
 -0.16666666666666663     
    12   0.8333333333333E-01    8     3 5
   8.3333333333333329E-002
    13  -0.8928571428571E-02    8     1 7
  -8.9285714285714281E-003
    14   0.1666666666667        9     6 3
  0.16666666666666657     
    15  -0.1250000000000        9     4 5
 -0.12499999999999993     
    16   0.2678571428571E-01    9     2 7
   2.6785714285714267E-002
    17  -0.6200396825397E-03    9     0 9
  -6.2003968253968142E-004
    18  -0.1666666666667       10     7 3
 -0.16666666666666660     
    19   0.1750000000000       10     5 5
  0.17499999999999993     
    20  -0.6250000000000E-01   10     3 7
  -6.2499999999999958E-002
    21   0.4340277777778E-02   10     1 9
   4.3402777777777745E-003
                                      
   4.4790560149721159E-015

 etall    1, NO =   10, NV =    2, INA =   28
 *********************************************

     I   COEFFICIENT             ORDER   EXPONENTS
     1   -1.000000000000        1     1 0
  -1.0000000000000000     
     2   -1.000000000000        2     2 0
  -1.0000000000000000     
     3   0.5000000000000        2     0 2
  0.50000000000000000     
     4  -0.4166666666667E-01    4     0 4
  -4.1666666666666671E-002
     5   0.8333333333333E-01    5     1 4
   8.3333333333333329E-002
     6  -0.1250000000000        6     2 4
 -0.12499999999999992     
     7   0.1250000000000E-01    6     0 6
   1.2499999999999992E-002
     8   0.1666666666667        7     3 4
  0.16666666666666671     
     9  -0.5000000000000E-01    7     1 6
  -5.0000000000000010E-002
    10  -0.2083333333333        8     4 4
 -0.20833333333333304     
    11   0.1250000000000        8     2 6
  0.12499999999999986     
    12  -0.5580357142857E-02    8     0 8
  -5.5803571428571326E-003
    13   0.2500000000000        9     5 4
  0.25000000000000000     
    14  -0.2500000000000        9     3 6
 -0.24999999999999986     
    15   0.3348214285714E-01    9     1 8
   3.3482142857142842E-002
                                      

 etall    1, NO =   10, NV =    2, INA =   29
 *********************************************

     I   COEFFICIENT             ORDER   EXPONENTS
     1    1.000000000000        1     0 1
   1.0000000000000000     
     2    1.000000000000        2     1 1
   1.0000000000000000     
     3   0.1666666666667        3     0 3
  0.16666666666666666     
     4  -0.1666666666667        4     1 3
 -0.16666666666666666     
     5   0.1666666666667        5     2 3
  0.16666666666666657     
     6  -0.2500000000000E-01    5     0 5
  -2.5000000000000001E-002
     7  -0.1666666666667        6     3 3
 -0.16666666666666663     
     8   0.7500000000000E-01    6     1 5
   7.4999999999999956E-002
     9   0.1666666666667        7     4 3
  0.16666666666666663     
    10  -0.1500000000000        7     2 5
 -0.15000000000000002     
    11   0.8928571428571E-02    7     0 7
   8.9285714285714281E-003
    12  -0.1666666666667        8     5 3
 -0.16666666666666630     
    13   0.2500000000000        8     3 5
  0.24999999999999972     
    14  -0.4464285714286E-01    8     1 7
  -4.4642857142857109E-002
    15   0.1666666666667        9     6 3
  0.16666666666666685     
    16  -0.3750000000000        9     4 5
 -0.37499999999999994     
    17   0.1339285714286        9     2 7
  0.13392857142857134     
    18  -0.4340277777778E-02    9     0 9
  -4.3402777777777745E-003
                                      
  Normal            3

 etall    1, NO =   10, NV =    2, INA =   32
 *********************************************

     I   COEFFICIENT             ORDER   EXPONENTS
     1   -1.000000000000        3     2 1
  -1.0000000000000000     
     2   0.3333333333333        3     0 3
  0.33333333333333331     
     3   0.3333333333333        4     1 3
  0.33333333333333331     
     4  -0.3333333333333        5     2 3
 -0.33333333333333331     
     5   0.1666666666667E-01    5     0 5
   1.6666666666666670E-002
     6   0.3333333333333        6     3 3
  0.33333333333333326     
     7  -0.5000000000000E-01    6     1 5
  -4.9999999999999996E-002
     8  -0.3333333333333        7     4 3
 -0.33333333333333337     
     9   0.1000000000000        7     2 5
  0.10000000000000002     
    10  -0.3571428571429E-02    7     0 7
  -3.5714285714285713E-003
    11   0.3333333333333        8     5 3
  0.33333333333333331     
    12  -0.1666666666667        8     3 5
 -0.16666666666666663     
    13   0.1785714285714E-01    8     1 7
   1.7857142857142856E-002
    14  -0.3333333333333        9     6 3
 -0.33333333333333326     
    15   0.2500000000000        9     4 5
  0.24999999999999994     
    16  -0.5357142857143E-01    9     2 7
  -5.3571428571428562E-002
    17   0.1240079365079E-02    9     0 9
   1.2400793650793646E-003
    18   0.3333333333333       10     7 3
  0.33333333333333331     
    19  -0.3500000000000       10     5 5
 -0.35000000000000009     
    20   0.1250000000000       10     3 7
  0.12500000000000000     
    21  -0.8680555555556E-02   10     1 9
  -8.6805555555555559E-003
                                      
   9.2009733165809848E-015

 etall    1, NO =   10, NV =    2, INA =   28
 *********************************************

     I   COEFFICIENT             ORDER   EXPONENTS
     1   -1.000000000000        2     2 0
  -1.0000000000000000     
     2    1.000000000000        2     0 2
   1.0000000000000000     
     3   -1.000000000000        3     3 0
  -1.0000000000000000     
     4    2.000000000000        3     1 2
   2.0000000000000000     
     5   0.8333333333333E-01    4     0 4
   8.3333333333333343E-002
     6  -0.1666666666667        5     1 4
 -0.16666666666666663     
     7   0.2500000000000        6     2 4
  0.25000000000000011     
     8  -0.2500000000000E-01    6     0 6
  -2.4999999999999998E-002
     9  -0.3333333333333        7     3 4
 -0.33333333333333304     
    10   0.1000000000000        7     1 6
  0.10000000000000001     
    11   0.4166666666667        8     4 4
  0.41666666666666663     
    12  -0.2500000000000        8     2 6
 -0.24999999999999994     
    13   0.1116071428571E-01    8     0 8
   1.1160714285714281E-002
    14  -0.5000000000000        9     5 4
 -0.50000000000000067     
    15   0.5000000000000        9     3 6
  0.50000000000000000     
    16  -0.6696428571429E-01    9     1 8
  -6.6964285714285726E-002
                                      

 etall    1, NO =   10, NV =    2, INA =   29
 *********************************************

     I   COEFFICIENT             ORDER   EXPONENTS
     1    2.000000000000        2     1 1
   2.0000000000000000     
     2    2.000000000000        3     2 1
   2.0000000000000000     
     3  -0.3333333333333        3     0 3
 -0.33333333333333331     
     4   0.3333333333333        4     1 3
  0.33333333333333331     
     5  -0.3333333333333        5     2 3
 -0.33333333333333315     
     6   0.5000000000000E-01    5     0 5
   4.9999999999999996E-002
     7   0.3333333333333        6     3 3
  0.33333333333333370     
     8  -0.1500000000000        6     1 5
 -0.15000000000000005     
     9  -0.3333333333333        7     4 3
 -0.33333333333333304     
    10   0.3000000000000        7     2 5
  0.29999999999999982     
    11  -0.1785714285714E-01    7     0 7
  -1.7857142857142856E-002
    12   0.3333333333333        8     5 3
  0.33333333333333304     
    13  -0.5000000000000        8     3 5
 -0.49999999999999989     
    14   0.8928571428571E-01    8     1 7
   8.9285714285714274E-002
    15  -0.3333333333333        9     6 3
 -0.33333333333333348     
    16   0.7500000000000        9     4 5
  0.75000000000000067     
    17  -0.2678571428571        9     2 7
 -0.26785714285714290     
    18   0.8680555555556E-02    9     0 9
   8.6805555555555559E-003
                                      
  Normal            4

 etall    1, NO =   10, NV =    2, INA =   32
 *********************************************

     I   COEFFICIENT             ORDER   EXPONENTS
     1   -1.000000000000        4     3 1
  -1.0000000000000000     
     2    1.000000000000        4     1 3
   1.0000000000000000     
     3   0.5000000000000        5     2 3
  0.50000000000000000     
     4  -0.1000000000000        5     0 5
 -0.10000000000000001     
     5  -0.5000000000000        6     3 3
 -0.50000000000000000     
     6   0.1500000000000        6     1 5
  0.15000000000000002     
     7   0.5000000000000        7     4 3
  0.50000000000000000     
     8  -0.2250000000000        7     2 5
 -0.22499999999999998     
     9   0.7142857142857E-02    7     0 7
   7.1428571428571409E-003
    10  -0.5000000000000        8     5 3
 -0.50000000000000000     
    11   0.3250000000000        8     3 5
  0.32500000000000007     
    12  -0.3214285714286E-01    8     1 7
  -3.2142857142857147E-002
    13   0.5000000000000        9     6 3
  0.49999999999999978     
    14  -0.4500000000000        9     4 5
 -0.44999999999999979     
    15   0.9107142857143E-01    9     2 7
   9.1071428571428539E-002
    16  -0.2083333333333E-02    9     0 9
  -2.0833333333333320E-003
    17  -0.5000000000000       10     7 3
 -0.50000000000000000     
    18   0.6000000000000       10     5 5
  0.60000000000000020     
    19  -0.2053571428571       10     3 7
 -0.20535714285714290     
    20   0.1413690476190E-01   10     1 9
   1.4136904761904769E-002
                                      
   1.1261824806041432E-014

 etall    1, NO =   10, NV =    2, INA =   28
 *********************************************

     I   COEFFICIENT             ORDER   EXPONENTS
     1   -1.000000000000        3     3 0
  -1.0000000000000000     
     2    3.000000000000        3     1 2
   3.0000000000000000     
     3   -1.000000000000        4     4 0
  -1.0000000000000000     
     4    4.500000000000        4     2 2
   4.5000000000000000     
     5  -0.5000000000000        4     0 4
 -0.50000000000000000     
     6   0.2500000000000        5     1 4
  0.25000000000000011     
     7  -0.3750000000000        6     2 4
 -0.37499999999999989     
     8   0.5000000000000E-01    6     0 6
   4.9999999999999989E-002
     9   0.5000000000000        7     3 4
  0.50000000000000044     
    10  -0.1750000000000        7     1 6
 -0.17500000000000004     
    11  -0.6250000000000        8     4 4
 -0.62499999999999867     
    12   0.4125000000000        8     2 6
  0.41249999999999970     
    13  -0.1875000000000E-01    8     0 8
  -1.8749999999999989E-002
    14   0.7500000000000        9     5 4
  0.75000000000000178     
    15  -0.8000000000000        9     3 6
 -0.80000000000000071     
    16   0.1084821428571        9     1 8
  0.10848214285714294     
                                      

 etall    1, NO =   10, NV =    2, INA =   29
 *********************************************

     I   COEFFICIENT             ORDER   EXPONENTS
     1    3.000000000000        3     2 1
   3.0000000000000000     
     2   -1.000000000000        3     0 3
  -1.0000000000000000     
     3    3.000000000000        4     3 1
   3.0000000000000000     
     4   -2.000000000000        4     1 3
  -2.0000000000000000     
     5   0.5000000000000        5     2 3
  0.50000000000000000     
     6  -0.1500000000000        5     0 5
 -0.15000000000000002     
     7  -0.5000000000000        6     3 3
 -0.50000000000000000     
     8   0.3000000000000        6     1 5
  0.29999999999999993     
     9   0.5000000000000        7     4 3
  0.50000000000000000     
    10  -0.5250000000000        7     2 5
 -0.52500000000000024     
    11   0.3214285714286E-01    7     0 7
   3.2142857142857147E-002
    12  -0.5000000000000        8     5 3
 -0.49999999999999867     
    13   0.8250000000000        8     3 5
  0.82499999999999896     
    14  -0.1500000000000        8     1 7
 -0.14999999999999994     
    15   0.5000000000000        9     6 3
  0.50000000000000133     
    16   -1.200000000000        9     4 5
  -1.2000000000000017     
    17   0.4339285714286        9     2 7
  0.43392857142857166     
    18  -0.1413690476190E-01    9     0 9
  -1.4136904761904769E-002
                                      
  Normal            5

 etall    1, NO =   10, NV =    2, INA =   32
 *********************************************

     I   COEFFICIENT             ORDER   EXPONENTS
     1   -1.000000000000        5     4 1
  -1.0000000000000000     
     2    2.000000000000        5     2 3
   2.0000000000000000     
     3  -0.2000000000000        5     0 5
 -0.20000000000000001     
     4   0.6666666666667        6     3 3
  0.66666666666666663     
     5  -0.4000000000000        6     1 5
 -0.40000000000000002     
     6  -0.6666666666667        7     4 3
 -0.66666666666666674     
     7   0.5000000000000        7     2 5
  0.50000000000000000     
     8  -0.1428571428571E-01    7     0 7
  -1.4285714285714284E-002
     9   0.6666666666667        8     5 3
  0.66666666666666652     
    10  -0.6333333333333        8     3 5
 -0.63333333333333330     
    11   0.5714285714286E-01    8     1 7
   5.7142857142857127E-002
    12  -0.6666666666667        9     6 3
 -0.66666666666666652     
    13   0.8000000000000        9     4 5
  0.79999999999999982     
    14  -0.1500000000000        9     2 7
 -0.14999999999999997     
    15   0.3373015873016E-02    9     0 9
   3.3730158730158697E-003
    16   0.6666666666667       10     7 3
  0.66666666666666652     
    17   -1.000000000000       10     5 5
  -1.0000000000000002     
    18   0.3214285714286       10     3 7
  0.32142857142857151     
    19  -0.2182539682540E-01   10     1 9
  -2.1825396825396831E-002
                                      
   1.3801459974871477E-014

 etall    1, NO =   10, NV =    2, INA =   28
 *********************************************

     I   COEFFICIENT             ORDER   EXPONENTS
     1   -1.000000000000        4     4 0
  -1.0000000000000000     
     2    6.000000000000        4     2 2
   6.0000000000000000     
     3   -1.000000000000        4     0 4
  -1.0000000000000000     
     4   -1.000000000000        5     5 0
  -1.0000000000000000     
     5    8.000000000000        5     3 2
   8.0000000000000000     
     6   -3.000000000000        5     1 4
  -3.0000000000000000     
     7   0.5000000000000        6     2 4
  0.50000000000000000     
     8  -0.1000000000000        6     0 6
  -9.9999999999999978E-002
     9  -0.6666666666667        7     3 4
 -0.66666666666666652     
    10   0.3000000000000        7     1 6
  0.29999999999999993     
    11   0.8333333333333        8     4 4
  0.83333333333333259     
    12  -0.6500000000000        8     2 6
 -0.64999999999999991     
    13   0.3035714285714E-01    8     0 8
   3.0357142857142826E-002
    14   -1.000000000000        9     5 4
  -1.0000000000000018     
    15    1.200000000000        9     3 6
   1.2000000000000006     
    16  -0.1660714285714        9     1 8
 -0.16607142857142865     
                                      

 etall    1, NO =   10, NV =    2, INA =   29
 *********************************************

     I   COEFFICIENT             ORDER   EXPONENTS
     1    4.000000000000        4     3 1
   4.0000000000000000     
     2   -4.000000000000        4     1 3
  -4.0000000000000000     
     3    4.000000000000        5     4 1
   4.0000000000000000     
     4   -6.000000000000        5     2 3
  -6.0000000000000000     
     5   0.4000000000000        5     0 5
  0.40000000000000002     
     6   0.6666666666667        6     3 3
  0.66666666666666696     
     7  -0.6000000000000        6     1 5
 -0.59999999999999998     
     8  -0.6666666666667        7     4 3
 -0.66666666666666563     
     9   0.9000000000000        7     2 5
  0.89999999999999991     
    10  -0.5714285714286E-01    7     0 7
  -5.7142857142857127E-002
    11   0.6666666666667        8     5 3
  0.66666666666666652     
    12   -1.300000000000        8     3 5
  -1.2999999999999994     
    13   0.2428571428571        8     1 7
  0.24285714285714280     
    14  -0.6666666666667        9     6 3
 -0.66666666666666696     
    15    1.800000000000        9     4 5
   1.8000000000000016     
    16  -0.6642857142857        9     2 7
 -0.66428571428571459     
    17   0.2182539682540E-01    9     0 9
   2.1825396825396831E-002
                                      
  Normal            6

 etall    1, NO =   10, NV =    2, INA =   32
 *********************************************

     I   COEFFICIENT             ORDER   EXPONENTS
     1   -1.000000000000        6     5 1
  -1.0000000000000000     
     2    3.333333333333        6     3 3
   3.3333333333333330     
     3   -1.000000000000        6     1 5
  -1.0000000000000000     
     4   0.8333333333333        7     4 3
  0.83333333333333326     
     5   -1.000000000000        7     2 5
  -1.0000000000000000     
     6   0.7142857142857E-01    7     0 7
   7.1428571428571425E-002
     7  -0.8333333333333        8     5 3
 -0.83333333333333337     
     8    1.166666666667        8     3 5
   1.1666666666666667     
     9  -0.1428571428571        8     1 7
 -0.14285714285714285     
    10   0.8333333333333        9     6 3
  0.83333333333333326     
    11   -1.375000000000        9     4 5
  -1.3750000000000000     
    12   0.2857142857143        9     2 7
  0.28571428571428570     
    13  -0.5952380952381E-02    9     0 9
  -5.9523809523809529E-003
    14  -0.8333333333333       10     7 3
 -0.83333333333333337     
    15    1.625000000000       10     5 5
   1.6250000000000000     
    16  -0.5357142857143       10     3 7
 -0.53571428571428570     
    17   0.3472222222222E-01   10     1 9
   3.4722222222222217E-002
                                      
   1.6098233857064770E-015

 etall    1, NO =   10, NV =    2, INA =   28
 *********************************************

     I   COEFFICIENT             ORDER   EXPONENTS
     1   -1.000000000000        5     5 0
  -1.0000000000000000     
     2    10.00000000000        5     3 2
   10.000000000000000     
     3   -5.000000000000        5     1 4
  -5.0000000000000000     
     4   -1.000000000000        6     6 0
  -1.0000000000000000     
     5    12.50000000000        6     4 2
   12.500000000000000     
     6   -10.00000000000        6     2 4
  -10.000000000000000     
     7   0.5000000000000        6     0 6
  0.50000000000000000     
     8   0.8333333333333        7     3 4
  0.83333333333333393     
     9  -0.5000000000000        7     1 6
 -0.50000000000000000     
    10   -1.041666666667        8     4 4
  -1.0416666666666661     
    11    1.000000000000        8     2 6
   1.0000000000000000     
    12  -0.5357142857143E-01    8     0 8
  -5.3571428571428575E-002
    13    1.250000000000        9     5 4
   1.2500000000000000     
    14   -1.750000000000        9     3 6
  -1.7500000000000000     
    15   0.2589285714286        9     1 8
  0.25892857142857140     
                                      

 etall    1, NO =   10, NV =    2, INA =   29
 *********************************************

     I   COEFFICIENT             ORDER   EXPONENTS
     1    5.000000000000        5     4 1
   5.0000000000000000     
     2   -10.00000000000        5     2 3
  -10.000000000000000     
     3    1.000000000000        5     0 5
   1.0000000000000000     
     4    5.000000000000        6     5 1
   5.0000000000000000     
     5   -13.33333333333        6     3 3
  -13.333333333333332     
     6    3.000000000000        6     1 5
   3.0000000000000000     
     7   0.8333333333333        7     4 3
  0.83333333333333393     
     8   -1.500000000000        7     2 5
  -1.5000000000000000     
     9   0.1428571428571        7     0 7
  0.14285714285714285     
    10  -0.8333333333333        8     5 3
 -0.83333333333333304     
    11    2.000000000000        8     3 5
   2.0000000000000000     
    12  -0.4285714285714        8     1 7
 -0.42857142857142855     
    13   0.8333333333333        9     6 3
  0.83333333333333393     
    14   -2.625000000000        9     4 5
  -2.6250000000000000     
    15    1.035714285714        9     2 7
   1.0357142857142858     
    16  -0.3472222222222E-01    9     0 9
  -3.4722222222222217E-002
                                      
  Normal            7

 etall    1, NO =   10, NV =    2, INA =   32
 *********************************************

     I   COEFFICIENT             ORDER   EXPONENTS
     1   -1.000000000000        7     6 1
  -1.0000000000000000     
     2    5.000000000000        7     4 3
   5.0000000000000000     
     3   -3.000000000000        7     2 5
  -3.0000000000000000     
     4   0.1428571428571        7     0 7
  0.14285714285714285     
     5    1.000000000000        8     5 3
   1.0000000000000000     
     6   -2.000000000000        8     3 5
  -2.0000000000000000     
     7   0.4285714285714        8     1 7
  0.42857142857142855     
     8   -1.000000000000        9     6 3
  -1.0000000000000000     
     9    2.250000000000        9     4 5
   2.2500000000000000     
    10  -0.6428571428571        9     2 7
 -0.64285714285714290     
    11   0.1190476190476E-01    9     0 9
   1.1904761904761908E-002
    12    1.000000000000       10     7 3
  0.99999999999999978     
    13   -2.550000000000       10     5 5
  -2.5499999999999998     
    14    1.000000000000       10     3 7
  0.99999999999999989     
    15  -0.5952380952381E-01   10     1 9
  -5.9523809523809507E-002
                                      
   2.3148150063434514E-014

 etall    1, NO =   10, NV =    2, INA =   28
 *********************************************

     I   COEFFICIENT             ORDER   EXPONENTS
     1   -1.000000000000        6     6 0
  -1.0000000000000000     
     2    15.00000000000        6     4 2
   15.000000000000000     
     3   -15.00000000000        6     2 4
  -15.000000000000000     
     4    1.000000000000        6     0 6
   1.0000000000000000     
     5   -1.000000000000        7     7 0
  -1.0000000000000000     
     6    18.00000000000        7     5 2
   18.000000000000000     
     7   -25.00000000000        7     3 4
  -25.000000000000000     
     8    4.000000000000        7     1 6
   4.0000000000000000     
     9    1.250000000000        8     4 4
   1.2500000000000000     
    10   -1.500000000000        8     2 6
  -1.5000000000000000     
    11   0.1071428571429        8     0 8
  0.10714285714285716     
    12   -1.500000000000        9     5 4
  -1.5000000000000000     
    13    2.500000000000        9     3 6
   2.4999999999999991     
    14  -0.4285714285714        9     1 8
 -0.42857142857142844     
                                      

 etall    1, NO =   10, NV =    2, INA =   29
 *********************************************

     I   COEFFICIENT             ORDER   EXPONENTS
     1    6.000000000000        6     5 1
   6.0000000000000000     
     2   -20.00000000000        6     3 3
  -20.000000000000000     
     3    6.000000000000        6     1 5
   6.0000000000000000     
     4    6.000000000000        7     6 1
   6.0000000000000000     
     5   -25.00000000000        7     4 3
  -25.000000000000000     
     6    12.00000000000        7     2 5
   12.000000000000000     
     7  -0.4285714285714        7     0 7
 -0.42857142857142855     
     8    1.000000000000        8     5 3
   1.0000000000000000     
     9   -3.000000000000        8     3 5
  -3.0000000000000000     
    10   0.8571428571429        8     1 7
  0.85714285714285721     
    11   -1.000000000000        9     6 3
 -0.99999999999999822     
    12    3.750000000000        9     4 5
   3.7500000000000000     
    13   -1.714285714286        9     2 7
  -1.7142857142857137     
    14   0.5952380952381E-01    9     0 9
   5.9523809523809507E-002
                                      
  Normal            8

 etall    1, NO =   10, NV =    2, INA =   32
 *********************************************

     I   COEFFICIENT             ORDER   EXPONENTS
     1   -1.000000000000        8     7 1
  -1.0000000000000000     
     2    7.000000000000        8     5 3
   7.0000000000000000     
     3   -7.000000000000        8     3 5
  -7.0000000000000000     
     4    1.000000000000        8     1 7
   1.0000000000000000     
     5    1.166666666667        9     6 3
   1.1666666666666665     
     6   -3.500000000000        9     4 5
  -3.5000000000000000     
     7    1.500000000000        9     2 7
   1.5000000000000000     
     8  -0.5555555555556E-01    9     0 9
  -5.5555555555555552E-002
     9   -1.166666666667       10     7 3
  -1.1666666666666670     
    10    3.850000000000       10     5 5
   3.8500000000000005     
    11   -2.000000000000       10     3 7
  -2.0000000000000000     
    12   0.1388888888889       10     1 9
  0.13888888888888890     
                                      
   3.1086244689504383E-014

 etall    1, NO =   10, NV =    2, INA =   28
 *********************************************

     I   COEFFICIENT             ORDER   EXPONENTS
     1   -1.000000000000        7     7 0
  -1.0000000000000000     
     2    21.00000000000        7     5 2
   21.000000000000000     
     3   -35.00000000000        7     3 4
  -35.000000000000000     
     4    7.000000000000        7     1 6
   7.0000000000000000     
     5   -1.000000000000        8     8 0
  -1.0000000000000000     
     6    24.50000000000        8     6 2
   24.500000000000000     
     7   -52.50000000000        8     4 4
  -52.500000000000000     
     8    17.50000000000        8     2 6
   17.500000000000000     
     9  -0.5000000000000        8     0 8
 -0.50000000000000000     
    10    1.750000000000        9     5 4
   1.7500000000000036     
    11   -3.500000000000        9     3 6
  -3.5000000000000000     
    12   0.7500000000000        9     1 8
  0.75000000000000000     
                                      

 etall    1, NO =   10, NV =    2, INA =   29
 *********************************************

     I   COEFFICIENT             ORDER   EXPONENTS
     1    7.000000000000        7     6 1
   7.0000000000000000     
     2   -35.00000000000        7     4 3
  -35.000000000000000     
     3    21.00000000000        7     2 5
   21.000000000000000     
     4   -1.000000000000        7     0 7
  -1.0000000000000000     
     5    7.000000000000        8     7 1
   7.0000000000000000     
     6   -42.00000000000        8     5 3
  -42.000000000000000     
     7    35.00000000000        8     3 5
   35.000000000000000     
     8   -4.000000000000        8     1 7
  -4.0000000000000000     
     9    1.166666666667        9     6 3
   1.1666666666666687     
    10   -5.250000000000        9     4 5
  -5.2500000000000036     
    11    3.000000000000        9     2 7
   3.0000000000000000     
    12  -0.1388888888889        9     0 9
 -0.13888888888888890     
                                      
  Normal            9

 etall    1, NO =   10, NV =    2, INA =   32
 *********************************************

     I   COEFFICIENT             ORDER   EXPONENTS
     1   -1.000000000000        9     8 1
  -1.0000000000000000     
     2    9.333333333333        9     6 3
   9.3333333333333321     
     3   -14.00000000000        9     4 5
  -14.000000000000000     
     4    4.000000000000        9     2 7
   4.0000000000000000     
     5  -0.1111111111111        9     0 9
 -0.11111111111111110     
     6    1.333333333333       10     7 3
   1.3333333333333333     
     7   -5.600000000000       10     5 5
  -5.6000000000000005     
     8    4.000000000000       10     3 7
   4.0000000000000000     
     9  -0.4444444444444       10     1 9
 -0.44444444444444442     
                                      
   1.0658141036401503E-013

 etall    1, NO =   10, NV =    2, INA =   28
 *********************************************

     I   COEFFICIENT             ORDER   EXPONENTS
     1   -1.000000000000        8     8 0
  -1.0000000000000000     
     2    28.00000000000        8     6 2
   27.999999999999996     
     3   -70.00000000000        8     4 4
  -70.000000000000000     
     4    28.00000000000        8     2 6
   28.000000000000000     
     5   -1.000000000000        8     0 8
  -1.0000000000000000     
     6   -1.000000000000        9     9 0
  -1.0000000000000000     
     7    32.00000000000        9     7 2
   31.999999999999996     
     8   -98.00000000000        9     5 4
  -98.000000000000000     
     9    56.00000000000        9     3 6
   56.000000000000000     
    10   -5.000000000000        9     1 8
  -5.0000000000000000     
                                      

 etall    1, NO =   10, NV =    2, INA =   29
 *********************************************

     I   COEFFICIENT             ORDER   EXPONENTS
     1    8.000000000000        8     7 1
   8.0000000000000000     
     2   -56.00000000000        8     5 3
  -55.999999999999993     
     3    56.00000000000        8     3 5
   56.000000000000000     
     4   -8.000000000000        8     1 7
  -8.0000000000000000     
     5    8.000000000000        9     8 1
   8.0000000000000000     
     6   -65.33333333333        9     6 3
  -65.333333333333329     
     7    84.00000000000        9     4 5
   84.000000000000000     
     8   -20.00000000000        9     2 7
  -20.000000000000000     
     9   0.4444444444444        9     0 9
  0.44444444444444442     
                                      
  Normal           10

 etall    1, NO =   10, NV =    2, INA =   32
 *********************************************

     I   COEFFICIENT             ORDER   EXPONENTS
     1   -1.000000000000       10     9 1
  -1.0000000000000000     
     2    12.00000000000       10     7 3
   12.000000000000000     
     3   -25.20000000000       10     5 5
  -25.200000000000003     
     4    12.00000000000       10     3 7
   12.000000000000000     
     5   -1.000000000000       10     1 9
  -1.0000000000000000     
                                      
   1.1368683772161603E-013

 etall    1, NO =   10, NV =    2, INA =   28
 *********************************************

     I   COEFFICIENT             ORDER   EXPONENTS
     1   -1.000000000000        9     9 0
  -1.0000000000000000     
     2    36.00000000000        9     7 2
   36.000000000000000     
     3   -126.0000000000        9     5 4
  -126.00000000000001     
     4    84.00000000000        9     3 6
   84.000000000000000     
     5   -9.000000000000        9     1 8
  -9.0000000000000000     
                                      

 etall    1, NO =   10, NV =    2, INA =   29
 *********************************************

     I   COEFFICIENT             ORDER   EXPONENTS
     1    9.000000000000        9     8 1
   9.0000000000000000     
     2   -84.00000000000        9     6 3
  -84.000000000000000     
     3    126.0000000000        9     4 5
   126.00000000000001     
     4   -36.00000000000        9     2 7
  -36.000000000000000     
     5    1.000000000000        9     0 9
   1.0000000000000000     
                                      
  Skew            1

 etall    1, NO =   10, NV =    2, INA =   32
 *********************************************

     I   COEFFICIENT             ORDER   EXPONENTS
     1   -1.000000000000        1     1 0
  -1.0000000000000000     
     2   0.5000000000000        2     0 2
  0.50000000000000000     
     3  -0.5000000000000        3     1 2
 -0.50000000000000000     
     4   0.5000000000000        4     2 2
  0.49999999999999989     
     5  -0.4166666666667E-01    4     0 4
  -4.1666666666666644E-002
     6  -0.5000000000000        5     3 2
 -0.50000000000000000     
     7   0.1250000000000        5     1 4
  0.12500000000000000     
     8   0.5000000000000        6     4 2
  0.50000000000000022     
     9  -0.2500000000000        6     2 4
 -0.25000000000000022     
    10   0.1250000000000E-01    6     0 6
   1.2500000000000013E-002
    11  -0.5000000000000        7     5 2
 -0.50000000000000000     
    12   0.4166666666667        7     3 4
  0.41666666666666657     
    13  -0.6250000000000E-01    7     1 6
  -6.2499999999999972E-002
    14   0.5000000000000        8     6 2
  0.50000000000000000     
    15  -0.6250000000000        8     4 4
 -0.62500000000000000     
    16   0.1875000000000        8     2 6
  0.18750000000000000     
    17  -0.5580357142857E-02    8     0 8
  -5.5803571428571421E-003
    18  -0.5000000000000        9     7 2
 -0.50000000000000011     
    19   0.8750000000000        9     5 4
  0.87500000000000044     
    20  -0.4375000000000        9     3 6
 -0.43750000000000022     
    21   0.3906250000000E-01    9     1 8
   3.9062500000000021E-002
    22   0.5000000000000       10     8 2
  0.49999999999999961     
    23   -1.166666666667       10     6 4
  -1.1666666666666652     
    24   0.8750000000000       10     4 6
  0.87499999999999811     
    25  -0.1562500000000       10     2 8
 -0.15624999999999958     
    26   0.3038194444444E-02   10     010
   3.0381944444444367E-003
                                      
   2.1753432388749161E-014

 etall    1, NO =   10, NV =    2, INA =   28
 *********************************************

     I   COEFFICIENT             ORDER   EXPONENTS
     1    1.000000000000        1     0 1
   1.0000000000000000     
     2  -0.1666666666667        3     0 3
 -0.16666666666666657     
     3   0.3333333333333        4     1 3
  0.33333333333333343     
     4  -0.5000000000000        5     2 3
 -0.50000000000000089     
     5   0.7500000000000E-01    5     0 5
   7.5000000000000080E-002
     6   0.6666666666667        6     3 3
  0.66666666666666541     
     7  -0.3000000000000        6     1 5
 -0.29999999999999977     
     8  -0.8333333333333        7     4 3
 -0.83333333333333370     
     9   0.7500000000000        7     2 5
  0.75000000000000022     
    10  -0.4464285714286E-01    7     0 7
  -4.4642857142857137E-002
    11    1.000000000000        8     5 3
   1.0000000000000018     
    12   -1.500000000000        8     3 5
  -1.5000000000000013     
    13   0.2678571428571        8     1 7
  0.26785714285714302     
    14   -1.166666666667        9     6 3
  -1.1666666666666590     
    15    2.625000000000        9     4 5
   2.6249999999999871     
    16  -0.9375000000000        9     2 7
 -0.93749999999999645     
    17   0.3038194444444E-01    9     0 9
   3.0381944444444368E-002
                                      

 etall    1, NO =   10, NV =    2, INA =   29
 *********************************************

     I   COEFFICIENT             ORDER   EXPONENTS
     1    1.000000000000        0     0 0
   1.0000000000000000     
     2    1.000000000000        1     1 0
   1.0000000000000000     
     3   0.5000000000000        2     0 2
  0.50000000000000000     
     4  -0.5000000000000        3     1 2
 -0.49999999999999978     
     5   0.5000000000000        4     2 2
  0.50000000000000022     
     6  -0.1250000000000        4     0 4
 -0.12500000000000000     
     7  -0.5000000000000        5     3 2
 -0.50000000000000089     
     8   0.3750000000000        5     1 4
  0.37500000000000044     
     9   0.5000000000000        6     4 2
  0.49999999999999911     
    10  -0.7500000000000        6     2 4
 -0.74999999999999933     
    11   0.6250000000000E-01    6     0 6
   6.2499999999999972E-002
    12  -0.5000000000000        7     5 2
 -0.50000000000000000     
    13    1.250000000000        7     3 4
   1.2500000000000002     
    14  -0.3125000000000        7     1 6
 -0.31250000000000000     
    15   0.5000000000000        8     6 2
  0.50000000000000089     
    16   -1.875000000000        8     4 4
  -1.8750000000000018     
    17   0.9375000000000        8     2 6
  0.93750000000000067     
    18  -0.3906250000000E-01    8     0 8
  -3.9062500000000021E-002
    19  -0.5000000000000        9     7 2
 -0.49999999999999600     
    20    2.625000000000        9     5 4
   2.6249999999999893     
    21   -2.187500000000        9     3 6
  -2.1874999999999920     
    22   0.2734375000000        9     1 8
  0.27343749999999917     
                                      
  Skew            2

 etall    1, NO =   10, NV =    2, INA =   32
 *********************************************

     I   COEFFICIENT             ORDER   EXPONENTS
     1  -0.5000000000000        2     2 0
 -0.50000000000000000     
     2   0.5000000000000        2     0 2
  0.50000000000000000     
     3   0.5000000000000        3     1 2
  0.50000000000000000     
     4  -0.5000000000000        4     2 2
 -0.50000000000000000     
     5   0.4166666666667E-01    4     0 4
   4.1666666666666664E-002
     6   0.5000000000000        5     3 2
  0.50000000000000000     
     7  -0.1250000000000        5     1 4
 -0.12500000000000000     
     8  -0.5000000000000        6     4 2
 -0.50000000000000011     
     9   0.2500000000000        6     2 4
  0.25000000000000011     
    10  -0.1250000000000E-01    6     0 6
  -1.2500000000000004E-002
    11   0.5000000000000        7     5 2
  0.50000000000000000     
    12  -0.4166666666667        7     3 4
 -0.41666666666666663     
    13   0.6250000000000E-01    7     1 6
   6.2499999999999979E-002
    14  -0.5000000000000        8     6 2
 -0.49999999999999989     
    15   0.6250000000000        8     4 4
  0.62499999999999967     
    16  -0.1875000000000        8     2 6
 -0.18749999999999989     
    17   0.5580357142857E-02    8     0 8
   5.5803571428571386E-003
    18   0.5000000000000        9     7 2
  0.50000000000000011     
    19  -0.8750000000000        9     5 4
 -0.87500000000000044     
    20   0.4375000000000        9     3 6
  0.43750000000000017     
    21  -0.3906250000000E-01    9     1 8
  -3.9062500000000035E-002
    22  -0.5000000000000       10     8 2
 -0.50000000000000000     
    23    1.166666666667       10     6 4
   1.1666666666666665     
    24  -0.8750000000000       10     4 6
 -0.87499999999999978     
    25   0.1562500000000       10     2 8
  0.15624999999999994     
    26  -0.3038194444444E-02   10     010
  -3.0381944444444423E-003
                                      
   1.0588752097362431E-014

 etall    1, NO =   10, NV =    2, INA =   28
 *********************************************

     I   COEFFICIENT             ORDER   EXPONENTS
     1    1.000000000000        1     0 1
   1.0000000000000000     
     2    2.000000000000        2     1 1
   2.0000000000000000     
     3   0.1666666666667        3     0 3
  0.16666666666666666     
     4  -0.3333333333333        4     1 3
 -0.33333333333333337     
     5   0.5000000000000        5     2 3
  0.50000000000000044     
     6  -0.7500000000000E-01    5     0 5
  -7.5000000000000025E-002
     7  -0.6666666666667        6     3 3
 -0.66666666666666607     
     8   0.3000000000000        6     1 5
  0.29999999999999988     
     9   0.8333333333333        7     4 3
  0.83333333333333215     
    10  -0.7500000000000        7     2 5
 -0.74999999999999944     
    11   0.4464285714286E-01    7     0 7
   4.4642857142857109E-002
    12   -1.000000000000        8     5 3
  -1.0000000000000031     
    13    1.500000000000        8     3 5
   1.5000000000000016     
    14  -0.2678571428571        8     1 7
 -0.26785714285714318     
    15    1.166666666667        9     6 3
   1.1666666666666643     
    16   -2.625000000000        9     4 5
  -2.6249999999999973     
    17   0.9375000000000        9     2 7
  0.93749999999999933     
    18  -0.3038194444444E-01    9     0 9
  -3.0381944444444423E-002
                                      

 etall    1, NO =   10, NV =    2, INA =   29
 *********************************************

     I   COEFFICIENT             ORDER   EXPONENTS
     1    1.000000000000        1     1 0
   1.0000000000000000     
     2    1.000000000000        2     2 0
   1.0000000000000000     
     3  -0.5000000000000        2     0 2
 -0.50000000000000000     
     4   0.5000000000000        3     1 2
  0.50000000000000000     
     5  -0.5000000000000        4     2 2
 -0.50000000000000000     
     6   0.1250000000000        4     0 4
  0.12500000000000000     
     7   0.5000000000000        5     3 2
  0.50000000000000044     
     8  -0.3750000000000        5     1 4
 -0.37500000000000022     
     9  -0.5000000000000        6     4 2
 -0.49999999999999956     
    10   0.7500000000000        6     2 4
  0.74999999999999978     
    11  -0.6250000000000E-01    6     0 6
  -6.2499999999999979E-002
    12   0.5000000000000        7     5 2
  0.49999999999999911     
    13   -1.250000000000        7     3 4
  -1.2499999999999987     
    14   0.3125000000000        7     1 6
  0.31249999999999978     
    15  -0.5000000000000        8     6 2
 -0.50000000000000178     
    16    1.875000000000        8     4 4
   1.8750000000000031     
    17  -0.9375000000000        8     2 6
 -0.93750000000000067     
    18   0.3906250000000E-01    8     0 8
   3.9062500000000035E-002
    19   0.5000000000000        9     7 2
  0.49999999999999911     
    20   -2.625000000000        9     5 4
  -2.6249999999999973     
    21    2.187500000000        9     3 6
   2.1874999999999987     
    22  -0.2734375000000        9     1 8
 -0.27343749999999983     
                                      
  Skew            3

 etall    1, NO =   10, NV =    2, INA =   32
 *********************************************

     I   COEFFICIENT             ORDER   EXPONENTS
     1  -0.3333333333333        3     3 0
 -0.33333333333333331     
     2    1.000000000000        3     1 2
   1.0000000000000000     
     3   0.5000000000000        4     2 2
  0.50000000000000000     
     4  -0.1666666666667        4     0 4
 -0.16666666666666666     
     5  -0.5000000000000        5     3 2
 -0.49999999999999994     
     6   0.2500000000000        5     1 4
  0.25000000000000000     
     7   0.5000000000000        6     4 2
  0.50000000000000000     
     8  -0.3750000000000        6     2 4
 -0.37500000000000006     
     9   0.1666666666667E-01    6     0 6
   1.6666666666666670E-002
    10  -0.5000000000000        7     5 2
 -0.50000000000000000     
    11   0.5416666666667        7     3 4
  0.54166666666666663     
    12  -0.7500000000000E-01    7     1 6
  -7.4999999999999983E-002
    13   0.5000000000000        8     6 2
  0.50000000000000000     
    14  -0.7500000000000        8     4 4
 -0.75000000000000000     
    15   0.2125000000000        8     2 6
  0.21250000000000002     
    16  -0.6250000000000E-02    8     0 8
  -6.2500000000000003E-003
    17  -0.5000000000000        9     7 2
 -0.50000000000000022     
    18    1.000000000000        9     5 4
   1.0000000000000007     
    19  -0.4791666666667        9     3 6
 -0.47916666666666696     
    20   0.4241071428571E-01    9     1 8
   4.2410714285714329E-002
    21   0.5000000000000       10     8 2
  0.49999999999999989     
    22   -1.291666666667       10     6 4
  -1.2916666666666661     
    23   0.9375000000000       10     4 6
  0.93749999999999900     
    24  -0.1662946428571       10     2 8
 -0.16629464285714268     
    25   0.3224206349206E-02   10     010
   3.2242063492063430E-003
                                      
   3.1807889655510735E-014

 etall    1, NO =   10, NV =    2, INA =   28
 *********************************************

     I   COEFFICIENT             ORDER   EXPONENTS
     1    2.000000000000        2     1 1
   2.0000000000000000     
     2    3.000000000000        3     2 1
   3.0000000000000000     
     3  -0.6666666666667        3     0 3
 -0.66666666666666663     
     4   0.3333333333333        4     1 3
  0.33333333333333337     
     5  -0.5000000000000        5     2 3
 -0.50000000000000022     
     6   0.1000000000000        5     0 5
  0.10000000000000002     
     7   0.6666666666667        6     3 3
  0.66666666666666630     
     8  -0.3500000000000        6     1 5
 -0.34999999999999987     
     9  -0.8333333333333        7     4 3
 -0.83333333333333348     
    10   0.8250000000000        7     2 5
  0.82500000000000018     
    11  -0.5000000000000E-01    7     0 7
  -5.0000000000000003E-002
    12    1.000000000000        8     5 3
   1.0000000000000027     
    13   -1.600000000000        8     3 5
  -1.6000000000000016     
    14   0.2892857142857        8     1 7
  0.28928571428571465     
    15   -1.166666666667        9     6 3
  -1.1666666666666616     
    16    2.750000000000        9     4 5
   2.7499999999999920     
    17  -0.9910714285714        9     2 7
 -0.99107142857142683     
    18   0.3224206349206E-01    9     0 9
   3.2242063492063433E-002
                                      

 etall    1, NO =   10, NV =    2, INA =   29
 *********************************************

     I   COEFFICIENT             ORDER   EXPONENTS
     1    1.000000000000        2     2 0
   1.0000000000000000     
     2   -1.000000000000        2     0 2
  -1.0000000000000000     
     3    1.000000000000        3     3 0
   1.0000000000000000     
     4   -2.000000000000        3     1 2
  -2.0000000000000000     
     5   0.5000000000000        4     2 2
  0.49999999999999978     
     6  -0.2500000000000        4     0 4
 -0.25000000000000000     
     7  -0.5000000000000        5     3 2
 -0.50000000000000022     
     8   0.5000000000000        5     1 4
  0.50000000000000011     
     9   0.5000000000000        6     4 2
  0.50000000000000000     
    10  -0.8750000000000        6     2 4
 -0.87499999999999989     
    11   0.7500000000000E-01    6     0 6
   7.4999999999999983E-002
    12  -0.5000000000000        7     5 2
 -0.50000000000000000     
    13    1.375000000000        7     3 4
   1.3750000000000000     
    14  -0.3500000000000        7     1 6
 -0.35000000000000009     
    15   0.5000000000000        8     6 2
  0.50000000000000178     
    16   -2.000000000000        8     4 4
  -2.0000000000000036     
    17    1.012500000000        8     2 6
   1.0125000000000008     
    18  -0.4241071428571E-01    8     0 8
  -4.2410714285714329E-002
    19  -0.5000000000000        9     7 2
 -0.49999999999999734     
    20    2.750000000000        9     5 4
   2.7499999999999929     
    21   -2.312500000000        9     3 6
  -2.3124999999999951     
    22   0.2901785714286        9     1 8
  0.29017857142857106     
                                      
  Skew            4

 etall    1, NO =   10, NV =    2, INA =   32
 *********************************************

     I   COEFFICIENT             ORDER   EXPONENTS
     1  -0.2500000000000        4     4 0
 -0.25000000000000000     
     2    1.500000000000        4     2 2
   1.5000000000000000     
     3  -0.2500000000000        4     0 4
 -0.25000000000000000     
     4   0.5000000000000        5     3 2
  0.50000000000000000     
     5  -0.5000000000000        5     1 4
 -0.50000000000000000     
     6  -0.5000000000000        6     4 2
 -0.50000000000000000     
     7   0.6250000000000        6     2 4
  0.62500000000000000     
     8  -0.2500000000000E-01    6     0 6
  -2.4999999999999998E-002
     9   0.5000000000000        7     5 2
  0.50000000000000000     
    10  -0.7916666666667        7     3 4
 -0.79166666666666674     
    11   0.1000000000000        7     1 6
   9.9999999999999992E-002
    12  -0.5000000000000        8     6 2
 -0.50000000000000000     
    13    1.000000000000        8     4 4
   1.0000000000000002     
    14  -0.2625000000000        8     2 6
 -0.26250000000000007     
    15   0.7589285714286E-02    8     0 8
   7.5892857142857177E-003
    16   0.5000000000000        9     7 2
  0.50000000000000000     
    17   -1.250000000000        9     5 4
  -1.2500000000000002     
    18   0.5625000000000        9     3 6
  0.56250000000000000     
    19  -0.4910714285714E-01    9     1 8
  -4.9107142857142870E-002
    20  -0.5000000000000       10     8 2
 -0.50000000000000022     
    21    1.541666666667       10     6 4
   1.5416666666666679     
    22   -1.062500000000       10     4 6
  -1.0625000000000011     
    23   0.1863839285714       10     2 8
  0.18638392857142883     
    24  -0.3596230158730E-02   10     010
  -3.5962301587301650E-003
                                      
   1.4023504579796509E-014

 etall    1, NO =   10, NV =    2, INA =   28
 *********************************************

     I   COEFFICIENT             ORDER   EXPONENTS
     1    3.000000000000        3     2 1
   3.0000000000000000     
     2   -1.000000000000        3     0 3
  -1.0000000000000000     
     3    4.000000000000        4     3 1
   4.0000000000000000     
     4   -3.000000000000        4     1 3
  -3.0000000000000000     
     5   0.5000000000000        5     2 3
  0.50000000000000000     
     6  -0.1500000000000        5     0 5
 -0.14999999999999999     
     7  -0.6666666666667        6     3 3
 -0.66666666666666696     
     8   0.4500000000000        6     1 5
  0.44999999999999996     
     9   0.8333333333333        7     4 3
  0.83333333333333393     
    10  -0.9750000000000        7     2 5
 -0.97500000000000042     
    11   0.6071428571429E-01    7     0 7
   6.0714285714285741E-002
    12   -1.000000000000        8     5 3
  -1.0000000000000000     
    13    1.800000000000        8     3 5
   1.7999999999999996     
    14  -0.3321428571429        8     1 7
 -0.33214285714285724     
    15    1.166666666667        9     6 3
   1.1666666666666705     
    16   -3.000000000000        9     4 5
  -3.0000000000000071     
    17    1.098214285714        9     2 7
   1.0982142857142876     
    18  -0.3596230158730E-01    9     0 9
  -3.5962301587301654E-002
                                      

 etall    1, NO =   10, NV =    2, INA =   29
 *********************************************

     I   COEFFICIENT             ORDER   EXPONENTS
     1    1.000000000000        3     3 0
   1.0000000000000000     
     2   -3.000000000000        3     1 2
  -3.0000000000000000     
     3    1.000000000000        4     4 0
   1.0000000000000000     
     4   -4.500000000000        4     2 2
  -4.5000000000000000     
     5   0.5000000000000        4     0 4
  0.50000000000000000     
     6   0.5000000000000        5     3 2
  0.50000000000000000     
     7  -0.7500000000000        5     1 4
 -0.75000000000000000     
     8  -0.5000000000000        6     4 2
 -0.50000000000000000     
     9    1.125000000000        6     2 4
   1.1250000000000000     
    10  -0.1000000000000        6     0 6
  -9.9999999999999992E-002
    11   0.5000000000000        7     5 2
  0.50000000000000000     
    12   -1.625000000000        7     3 4
  -1.6250000000000009     
    13   0.4250000000000        7     1 6
  0.42500000000000016     
    14  -0.5000000000000        8     6 2
 -0.50000000000000000     
    15    2.250000000000        8     4 4
   2.2500000000000000     
    16   -1.162500000000        8     2 6
  -1.1624999999999999     
    17   0.4910714285714E-01    8     0 8
   4.9107142857142870E-002
    18   0.5000000000000        9     7 2
  0.50000000000000178     
    19   -3.000000000000        9     5 4
  -3.0000000000000062     
    20    2.562500000000        9     3 6
   2.5625000000000044     
    21  -0.3236607142857        9     1 8
 -0.32366071428571480     
                                      
  Skew            5

 etall    1, NO =   10, NV =    2, INA =   32
 *********************************************

     I   COEFFICIENT             ORDER   EXPONENTS
     1  -0.2000000000000        5     5 0
 -0.20000000000000001     
     2    2.000000000000        5     3 2
   2.0000000000000000     
     3   -1.000000000000        5     1 4
  -1.0000000000000000     
     4   0.5000000000000        6     4 2
  0.50000000000000011     
     5   -1.000000000000        6     2 4
  -1.0000000000000000     
     6   0.1000000000000        6     0 6
  0.10000000000000001     
     7  -0.5000000000000        7     5 2
 -0.50000000000000000     
     8    1.166666666667        7     3 4
   1.1666666666666665     
     9  -0.2000000000000        7     1 6
 -0.19999999999999998     
    10   0.5000000000000        8     6 2
  0.50000000000000000     
    11   -1.375000000000        8     4 4
  -1.3750000000000000     
    12   0.4000000000000        8     2 6
  0.40000000000000002     
    13  -0.1071428571429E-01    8     0 8
  -1.0714285714285714E-002
    14  -0.5000000000000        9     7 2
 -0.49999999999999989     
    15    1.625000000000        9     5 4
   1.6249999999999996     
    16  -0.7500000000000        9     3 6
 -0.74999999999999967     
    17   0.6250000000000E-01    9     1 8
   6.2499999999999958E-002
    18   0.5000000000000       10     8 2
  0.50000000000000000     
    19   -1.916666666667       10     6 4
  -1.9166666666666663     
    20    1.312500000000       10     4 6
   1.3124999999999998     
    21  -0.2232142857143       10     2 8
 -0.22321428571428581     
    22   0.4265873015873E-02   10     010
   4.2658730158730163E-003
                                      
   1.9831358777366859E-014

 etall    1, NO =   10, NV =    2, INA =   28
 *********************************************

     I   COEFFICIENT             ORDER   EXPONENTS
     1    4.000000000000        4     3 1
   4.0000000000000000     
     2   -4.000000000000        4     1 3
  -4.0000000000000000     
     3    5.000000000000        5     4 1
   5.0000000000000000     
     4   -8.000000000000        5     2 3
  -8.0000000000000000     
     5   0.6000000000000        5     0 5
  0.60000000000000009     
     6   0.6666666666667        6     3 3
  0.66666666666666607     
     7  -0.6000000000000        6     1 5
 -0.59999999999999987     
     8  -0.8333333333333        7     4 3
 -0.83333333333333393     
     9    1.200000000000        7     2 5
   1.2000000000000004     
    10  -0.8571428571429E-01    7     0 7
  -8.5714285714285715E-002
    11    1.000000000000        8     5 3
  0.99999999999999822     
    12   -2.100000000000        8     3 5
  -2.0999999999999979     
    13   0.4142857142857        8     1 7
  0.41428571428571392     
    14   -1.166666666667        9     6 3
  -1.1666666666666670     
    15    3.375000000000        9     4 5
   3.3750000000000000     
    16   -1.285714285714        9     2 7
  -1.2857142857142869     
    17   0.4265873015873E-01    9     0 9
   4.2658730158730160E-002
                                      

 etall    1, NO =   10, NV =    2, INA =   29
 *********************************************

     I   COEFFICIENT             ORDER   EXPONENTS
     1    1.000000000000        4     4 0
   1.0000000000000000     
     2   -6.000000000000        4     2 2
  -6.0000000000000000     
     3    1.000000000000        4     0 4
   1.0000000000000000     
     4    1.000000000000        5     5 0
   1.0000000000000000     
     5   -8.000000000000        5     3 2
  -8.0000000000000000     
     6    3.000000000000        5     1 4
   3.0000000000000000     
     7   0.5000000000000        6     4 2
  0.49999999999999956     
     8   -1.500000000000        6     2 4
  -1.4999999999999996     
     9   0.2000000000000        6     0 6
  0.19999999999999998     
    10  -0.5000000000000        7     5 2
 -0.50000000000000000     
    11    2.000000000000        7     3 4
   2.0000000000000004     
    12  -0.6000000000000        7     1 6
 -0.60000000000000009     
    13   0.5000000000000        8     6 2
  0.49999999999999911     
    14   -2.625000000000        8     4 4
  -2.6249999999999982     
    15    1.450000000000        8     2 6
   1.4499999999999991     
    16  -0.6250000000000E-01    8     0 8
  -6.2499999999999958E-002
    17  -0.5000000000000        9     7 2
 -0.50000000000000089     
    18    3.375000000000        9     5 4
   3.3750000000000000     
    19   -3.000000000000        9     3 6
  -3.0000000000000000     
    20   0.3839285714286        9     1 8
  0.38392857142857167     
                                      
  Skew            6

 etall    1, NO =   10, NV =    2, INA =   32
 *********************************************

     I   COEFFICIENT             ORDER   EXPONENTS
     1  -0.1666666666667        6     6 0
 -0.16666666666666666     
     2    2.500000000000        6     4 2
   2.5000000000000000     
     3   -2.500000000000        6     2 4
  -2.5000000000000000     
     4   0.1666666666667        6     0 6
  0.16666666666666666     
     5   0.5000000000000        7     5 2
  0.49999999999999989     
     6   -1.666666666667        7     3 4
  -1.6666666666666663     
     7   0.5000000000000        7     1 6
  0.49999999999999994     
     8  -0.5000000000000        8     6 2
 -0.49999999999999994     
     9    1.875000000000        8     4 4
   1.8750000000000000     
    10  -0.7500000000000        8     2 6
 -0.75000000000000011     
    11   0.1785714285714E-01    8     0 8
   1.7857142857142856E-002
    12   0.5000000000000        9     7 2
  0.49999999999999989     
    13   -2.125000000000        9     5 4
  -2.1249999999999996     
    14    1.166666666667        9     3 6
   1.1666666666666661     
    15  -0.8928571428571E-01    9     1 8
  -8.9285714285714260E-002
    16  -0.5000000000000       10     8 2
 -0.50000000000000011     
    17    2.416666666667       10     6 4
   2.4166666666666674     
    18   -1.812500000000       10     4 6
  -1.8125000000000007     
    19   0.2901785714286       10     2 8
  0.29017857142857156     
    20  -0.5456349206349E-02   10     010
  -5.4563492063492104E-003
                                      
   2.3328561304936102E-014

 etall    1, NO =   10, NV =    2, INA =   28
 *********************************************

     I   COEFFICIENT             ORDER   EXPONENTS
     1    5.000000000000        5     4 1
   5.0000000000000000     
     2   -10.00000000000        5     2 3
  -10.000000000000000     
     3    1.000000000000        5     0 5
   1.0000000000000000     
     4    6.000000000000        6     5 1
   6.0000000000000000     
     5   -16.66666666667        6     3 3
  -16.666666666666664     
     6    4.000000000000        6     1 5
   3.9999999999999996     
     7   0.8333333333333        7     4 3
  0.83333333333333481     
     8   -1.500000000000        7     2 5
  -1.5000000000000013     
     9   0.1428571428571        7     0 7
  0.14285714285714285     
    10   -1.000000000000        8     5 3
 -0.99999999999999822     
    11    2.500000000000        8     3 5
   2.4999999999999956     
    12  -0.5714285714286        8     1 7
 -0.57142857142857117     
    13    1.166666666667        9     6 3
   1.1666666666666714     
    14   -3.875000000000        9     4 5
  -3.8750000000000071     
    15    1.607142857143        9     2 7
   1.6071428571428585     
    16  -0.5456349206349E-01    9     0 9
  -5.4563492063492106E-002
                                      

 etall    1, NO =   10, NV =    2, INA =   29
 *********************************************

     I   COEFFICIENT             ORDER   EXPONENTS
     1    1.000000000000        5     5 0
   1.0000000000000000     
     2   -10.00000000000        5     3 2
  -10.000000000000000     
     3    5.000000000000        5     1 4
   5.0000000000000000     
     4    1.000000000000        6     6 0
   1.0000000000000000     
     5   -12.50000000000        6     4 2
  -12.500000000000000     
     6    10.00000000000        6     2 4
   10.000000000000000     
     7  -0.5000000000000        6     0 6
 -0.49999999999999994     
     8   0.5000000000000        7     5 2
  0.50000000000000000     
     9   -2.500000000000        7     3 4
  -2.5000000000000009     
    10    1.000000000000        7     1 6
   1.0000000000000002     
    11  -0.5000000000000        8     6 2
 -0.49999999999999956     
    12    3.125000000000        8     4 4
   3.1249999999999982     
    13   -2.000000000000        8     2 6
  -1.9999999999999980     
    14   0.8928571428571E-01    8     0 8
   8.9285714285714260E-002
    15   0.5000000000000        9     7 2
  0.50000000000000178     
    16   -3.875000000000        9     5 4
  -3.8750000000000053     
    17    3.750000000000        9     3 6
   3.7500000000000044     
    18  -0.4910714285714        9     1 8
 -0.49107142857142888     
                                      
  Skew            7

 etall    1, NO =   10, NV =    2, INA =   32
 *********************************************

     I   COEFFICIENT             ORDER   EXPONENTS
     1  -0.1428571428571        7     7 0
 -0.14285714285714285     
     2    3.000000000000        7     5 2
   3.0000000000000000     
     3   -5.000000000000        7     3 4
  -5.0000000000000000     
     4    1.000000000000        7     1 6
   1.0000000000000000     
     5   0.5000000000000        8     6 2
  0.50000000000000000     
     6   -2.500000000000        8     4 4
  -2.5000000000000000     
     7    1.500000000000        8     2 6
   1.5000000000000000     
     8  -0.7142857142857E-01    8     0 8
  -7.1428571428571425E-002
     9  -0.5000000000000        9     7 2
 -0.50000000000000011     
    10    2.750000000000        9     5 4
   2.7500000000000000     
    11   -2.000000000000        9     3 6
  -2.0000000000000000     
    12   0.1785714285714        9     1 8
  0.17857142857142860     
    13   0.5000000000000       10     8 2
  0.49999999999999983     
    14   -3.041666666667       10     6 4
  -3.0416666666666656     
    15    2.750000000000       10     4 6
   2.7499999999999996     
    16  -0.4464285714286       10     2 8
 -0.44642857142857123     
    17   0.7936507936508E-02   10     010
   7.9365079365079326E-003
                                      
   3.0864200084579352E-014

 etall    1, NO =   10, NV =    2, INA =   28
 *********************************************

     I   COEFFICIENT             ORDER   EXPONENTS
     1    6.000000000000        6     5 1
   6.0000000000000000     
     2   -20.00000000000        6     3 3
  -20.000000000000000     
     3    6.000000000000        6     1 5
   6.0000000000000000     
     4    7.000000000000        7     6 1
   7.0000000000000000     
     5   -30.00000000000        7     4 3
  -30.000000000000000     
     6    15.00000000000        7     2 5
   15.000000000000000     
     7  -0.5714285714286        7     0 7
 -0.57142857142857140     
     8    1.000000000000        8     5 3
   1.0000000000000000     
     9   -3.000000000000        8     3 5
  -3.0000000000000000     
    10   0.8571428571429        8     1 7
  0.85714285714285743     
    11   -1.166666666667        9     6 3
  -1.1666666666666625     
    12    4.500000000000        9     4 5
   4.4999999999999964     
    13   -2.142857142857        9     2 7
  -2.1428571428571410     
    14   0.7936507936508E-01    9     0 9
   7.9365079365079333E-002
                                      

 etall    1, NO =   10, NV =    2, INA =   29
 *********************************************

     I   COEFFICIENT             ORDER   EXPONENTS
     1    1.000000000000        6     6 0
   1.0000000000000000     
     2   -15.00000000000        6     4 2
  -15.000000000000000     
     3    15.00000000000        6     2 4
   15.000000000000000     
     4   -1.000000000000        6     0 6
  -1.0000000000000000     
     5    1.000000000000        7     7 0
   1.0000000000000000     
     6   -18.00000000000        7     5 2
  -18.000000000000000     
     7    25.00000000000        7     3 4
   25.000000000000000     
     8   -4.000000000000        7     1 6
  -4.0000000000000000     
     9   0.5000000000000        8     6 2
  0.50000000000000089     
    10   -3.750000000000        8     4 4
  -3.7500000000000000     
    11    3.000000000000        8     2 6
   3.0000000000000000     
    12  -0.1785714285714        8     0 8
 -0.17857142857142860     
    13  -0.5000000000000        9     7 2
 -0.49999999999999778     
    14    4.500000000000        9     5 4
   4.4999999999999929     
    15   -5.000000000000        9     3 6
  -4.9999999999999982     
    16   0.7142857142857        9     1 8
  0.71428571428571386     
                                      
  Skew            8

 etall    1, NO =   10, NV =    2, INA =   32
 *********************************************

     I   COEFFICIENT             ORDER   EXPONENTS
     1  -0.1250000000000        8     8 0
 -0.12500000000000000     
     2    3.500000000000        8     6 2
   3.5000000000000000     
     3   -8.750000000000        8     4 4
  -8.7500000000000000     
     4    3.500000000000        8     2 6
   3.5000000000000000     
     5  -0.1250000000000        8     0 8
 -0.12500000000000000     
     6   0.5000000000000        9     7 2
  0.50000000000000000     
     7   -3.500000000000        9     5 4
  -3.5000000000000000     
     8    3.500000000000        9     3 6
   3.4999999999999996     
     9  -0.5000000000000        9     1 8
 -0.50000000000000000     
    10  -0.5000000000000       10     8 2
 -0.50000000000000000     
    11    3.791666666667       10     6 4
   3.7916666666666670     
    12   -4.375000000000       10     4 6
  -4.3750000000000000     
    13   0.8750000000000       10     2 8
  0.87500000000000000     
    14  -0.1388888888889E-01   10     010
  -1.3888888888888888E-002
                                      
   1.9539925233402755E-014

 etall    1, NO =   10, NV =    2, INA =   28
 *********************************************

     I   COEFFICIENT             ORDER   EXPONENTS
     1    7.000000000000        7     6 1
   7.0000000000000000     
     2   -35.00000000000        7     4 3
  -35.000000000000000     
     3    21.00000000000        7     2 5
   21.000000000000000     
     4   -1.000000000000        7     0 7
  -1.0000000000000000     
     5    8.000000000000        8     7 1
   8.0000000000000000     
     6   -49.00000000000        8     5 3
  -49.000000000000000     
     7    42.00000000000        8     3 5
   42.000000000000000     
     8   -5.000000000000        8     1 7
  -5.0000000000000000     
     9    1.166666666667        9     6 3
   1.1666666666666679     
    10   -5.250000000000        9     4 5
  -5.2500000000000036     
    11    3.000000000000        9     2 7
   3.0000000000000000     
    12  -0.1388888888889        9     0 9
 -0.13888888888888890     
                                      

 etall    1, NO =   10, NV =    2, INA =   29
 *********************************************

     I   COEFFICIENT             ORDER   EXPONENTS
     1    1.000000000000        7     7 0
   1.0000000000000000     
     2   -21.00000000000        7     5 2
  -21.000000000000000     
     3    35.00000000000        7     3 4
   35.000000000000000     
     4   -7.000000000000        7     1 6
  -7.0000000000000000     
     5    1.000000000000        8     8 0
   1.0000000000000000     
     6   -24.50000000000        8     6 2
  -24.500000000000000     
     7    52.50000000000        8     4 4
   52.500000000000000     
     8   -17.50000000000        8     2 6
  -17.500000000000000     
     9   0.5000000000000        8     0 8
  0.50000000000000000     
    10   0.5000000000000        9     7 2
  0.50000000000000000     
    11   -5.250000000000        9     5 4
  -5.2500000000000000     
    12    7.000000000000        9     3 6
   7.0000000000000018     
    13   -1.250000000000        9     1 8
  -1.2500000000000000     
                                      
  Skew            9

 etall    1, NO =   10, NV =    2, INA =   32
 *********************************************

     I   COEFFICIENT             ORDER   EXPONENTS
     1  -0.1111111111111        9     9 0
 -0.11111111111111110     
     2    4.000000000000        9     7 2
   4.0000000000000000     
     3   -14.00000000000        9     5 4
  -14.000000000000000     
     4    9.333333333333        9     3 6
   9.3333333333333321     
     5   -1.000000000000        9     1 8
  -1.0000000000000000     
     6   0.5000000000000       10     8 2
  0.50000000000000000     
     7   -4.666666666667       10     6 4
  -4.6666666666666679     
     8    7.000000000000       10     4 6
   7.0000000000000000     
     9   -2.000000000000       10     2 8
  -2.0000000000000000     
    10   0.5555555555556E-01   10     010
   5.5555555555555552E-002
                                      
   1.1013412404281553E-013

 etall    1, NO =   10, NV =    2, INA =   28
 *********************************************

     I   COEFFICIENT             ORDER   EXPONENTS
     1    8.000000000000        8     7 1
   8.0000000000000000     
     2   -56.00000000000        8     5 3
  -56.000000000000000     
     3    56.00000000000        8     3 5
   55.999999999999993     
     4   -8.000000000000        8     1 7
  -8.0000000000000000     
     5    9.000000000000        9     8 1
   9.0000000000000000     
     6   -74.66666666667        9     6 3
  -74.666666666666671     
     7    98.00000000000        9     4 5
   98.000000000000000     
     8   -24.00000000000        9     2 7
  -24.000000000000000     
     9   0.5555555555556        9     0 9
  0.55555555555555558     
                                      

 etall    1, NO =   10, NV =    2, INA =   29
 *********************************************

     I   COEFFICIENT             ORDER   EXPONENTS
     1    1.000000000000        8     8 0
   1.0000000000000000     
     2   -28.00000000000        8     6 2
  -28.000000000000000     
     3    70.00000000000        8     4 4
   70.000000000000000     
     4   -28.00000000000        8     2 6
  -27.999999999999996     
     5    1.000000000000        8     0 8
   1.0000000000000000     
     6    1.000000000000        9     9 0
   1.0000000000000000     
     7   -32.00000000000        9     7 2
  -32.000000000000000     
     8    98.00000000000        9     5 4
   98.000000000000000     
     9   -56.00000000000        9     3 6
  -56.000000000000000     
    10    5.000000000000        9     1 8
   5.0000000000000000     
                                      
  Skew           10

 etall    1, NO =   10, NV =    2, INA =   32
 *********************************************

     I   COEFFICIENT             ORDER   EXPONENTS
     1  -0.1000000000000       10    10 0
 -0.10000000000000001     
     2    4.500000000000       10     8 2
   4.5000000000000000     
     3   -21.00000000000       10     6 4
  -21.000000000000000     
     4    21.00000000000       10     4 6
   21.000000000000000     
     5   -4.500000000000       10     2 8
  -4.5000000000000000     
     6   0.1000000000000       10     010
  0.10000000000000001     
                                      
   0.0000000000000000     

 etall    1, NO =   10, NV =    2, INA =   28
 *********************************************

     I   COEFFICIENT             ORDER   EXPONENTS
     1    9.000000000000        9     8 1
   9.0000000000000000     
     2   -84.00000000000        9     6 3
  -84.000000000000000     
     3    126.0000000000        9     4 5
   126.00000000000000     
     4   -36.00000000000        9     2 7
  -36.000000000000000     
     5    1.000000000000        9     0 9
   1.0000000000000000     
                                      

 etall    1, NO =   10, NV =    2, INA =   29
 *********************************************

     I   COEFFICIENT             ORDER   EXPONENTS
     1    1.000000000000        9     9 0
   1.0000000000000000     
     2   -36.00000000000        9     7 2
  -36.000000000000000     
     3    126.0000000000        9     5 4
   126.00000000000000     
     4   -84.00000000000        9     3 6
  -84.000000000000000     
     5    9.000000000000        9     1 8
   9.0000000000000000     
                                      
